YardCraneScheduling
number of cranes
1
number of containers
200
number of rows
10
number of columns
42
number of tiers
4
number of I/O land
6
number of I/O sea
10
gantry speed
1
trolley speed
1
hoisting speed
1
reshuffling time
2
Crane Initial Position
8	11	5
I/O Land information
#x,y,z
2	43	2
3	43	2
4	43	2
5	43	2
6	43	2
7	43	2
I/O Sea information
#x,y,z
1	0	1
2	0	1
3	0	1
4	0	1
5	0	1
6	0	1
7	0	1
8	0	1
9	0	1
10	0	1
Containers requests information
#Containers requests information, one line per container
#Type	TypeLoc	x	y	z	RS	rj	dj	ej	wj	wcongj
2	D	3	2	3	0	266	-1	-1	1	1
1	D	1	5	4	0	221	-1	-1	1	1
2	D	2	20	3	0	339	-1	-1	1	1
1	D	10	7	1	0	368	-1	-1	1	1
2	D	10	1	1	0	777	-1	-1	1	1
3	O	5	17	3	0	-1	1064	-1	1	1
3	O	2	9	1	0	-1	1442	-1	1	1
4	O	3	36	3	0	-1	-1	3314	1	1
2	D	3	17	2	0	43	-1	-1	1	1
4	O	2	33	3	0	-1	-1	924	1	1
1	D	7	2	3	0	302	-1	-1	1	1
4	O	8	20	1	0	-1	-1	554	1	1
1	D	5	27	2	0	617	-1	-1	1	1
2	D	1	20	3	0	101	-1	-1	1	1
2	D	2	2	4	0	171	-1	-1	1	1
1	D	6	38	1	0	260	-1	-1	1	1
1	D	5	28	3	0	298	-1	-1	1	1
3	O	9	27	3	0	-1	2314	-1	1	1
2	D	7	42	4	0	287	-1	-1	1	1
2	D	4	13	1	0	568	-1	-1	1	1
2	D	4	19	1	0	123	-1	-1	1	1
1	D	6	15	2	0	180	-1	-1	1	1
2	D	2	25	1	0	318	-1	-1	1	1
4	O	1	30	3	0	-1	-1	842	1	1
2	D	5	11	4	0	177	-1	-1	1	1
2	D	4	34	1	0	33	-1	-1	1	1
4	O	3	32	1	0	-1	-1	694	1	1
2	D	4	31	2	0	184	-1	-1	1	1
3	O	8	2	2	0	-1	2536	-1	1	1
3	O	9	33	2	0	-1	3275	-1	1	1
1	D	10	36	4	0	615	-1	-1	1	1
2	D	3	33	2	0	475	-1	-1	1	1
4	O	9	9	1	0	-1	-1	1721	1	1
1	D	6	4	4	0	315	-1	-1	1	1
2	D	10	21	2	0	28	-1	-1	1	1
2	D	9	14	4	0	490	-1	-1	1	1
3	O	10	40	4	0	-1	625	-1	1	1
4	O	9	41	4	0	-1	-1	1626	1	1
4	O	9	39	4	0	-1	-1	2995	1	1
1	D	3	22	1	0	808	-1	-1	1	1
3	O	1	21	1	2	-1	1749	-1	1	1
4	O	3	38	2	0	-1	-1	2526	1	1
1	D	4	40	4	0	342	-1	-1	1	1
2	D	3	26	4	0	424	-1	-1	1	1
4	O	3	29	3	0	-1	-1	415	1	1
1	D	1	4	2	0	291	-1	-1	1	1
1	D	2	15	3	0	791	-1	-1	1	1
2	D	7	14	1	0	493	-1	-1	1	1
1	D	2	7	4	0	443	-1	-1	1	1
4	O	10	12	2	0	-1	-1	3212	1	1
2	D	4	15	1	0	762	-1	-1	1	1
4	O	6	37	4	0	-1	-1	3224	1	1
2	D	10	8	3	0	560	-1	-1	1	1
4	O	6	36	2	0	-1	-1	128	1	1
2	D	6	29	2	0	549	-1	-1	1	1
2	D	9	21	3	0	186	-1	-1	1	1
4	O	4	33	2	0	-1	-1	216	1	1
1	D	8	8	2	0	822	-1	-1	1	1
3	O	7	40	4	0	-1	298	-1	1	1
1	D	3	11	3	0	434	-1	-1	1	1
3	O	7	13	1	0	-1	2179	-1	1	1
2	D	8	18	3	0	399	-1	-1	1	1
1	D	8	12	3	0	380	-1	-1	1	1
2	D	3	9	3	0	394	-1	-1	1	1
3	O	10	4	4	0	-1	2486	-1	1	1
2	D	7	21	4	0	202	-1	-1	1	1
4	O	5	19	4	0	-1	-1	399	1	1
4	O	6	3	3	0	-1	-1	2240	1	1
2	D	5	24	3	0	715	-1	-1	1	1
1	D	3	1	1	0	424	-1	-1	1	1
3	O	5	33	2	0	-1	1858	-1	1	1
4	O	8	34	3	0	-1	-1	2183	1	1
1	D	1	33	4	0	651	-1	-1	1	1
3	O	2	21	4	0	-1	587	-1	1	1
3	O	9	6	3	0	-1	1860	-1	1	1
4	O	10	6	3	0	-1	-1	2804	1	1
1	D	2	29	3	0	66	-1	-1	1	1
2	D	2	16	4	0	355	-1	-1	1	1
4	O	4	23	3	0	-1	-1	1290	1	1
3	O	4	12	4	0	-1	2348	-1	1	1
3	O	9	17	4	0	-1	1063	-1	1	1
3	O	5	8	4	0	-1	313	-1	1	1
4	O	7	20	2	1	-1	-1	1603	1	1
3	O	8	31	1	0	-1	1979	-1	1	1
1	D	6	7	3	0	447	-1	-1	1	1
4	O	3	34	4	0	-1	-1	2914	1	1
1	D	7	41	4	0	85	-1	-1	1	1
3	O	2	17	2	1	-1	1808	-1	1	1
1	D	10	41	2	0	322	-1	-1	1	1
3	O	4	30	3	0	-1	1384	-1	1	1
1	D	9	42	4	0	271	-1	-1	1	1
3	O	9	19	2	0	-1	259	-1	1	1
1	D	8	17	4	0	604	-1	-1	1	1
3	O	1	18	2	0	-1	2550	-1	1	1
1	D	7	36	2	0	599	-1	-1	1	1
3	O	6	6	1	1	-1	2506	-1	1	1
1	D	10	16	3	0	249	-1	-1	1	1
1	D	1	35	4	0	230	-1	-1	1	1
2	D	5	30	4	0	342	-1	-1	1	1
1	D	8	6	3	0	268	-1	-1	1	1
4	O	5	10	4	0	-1	-1	1641	1	1
2	D	10	31	2	0	604	-1	-1	1	1
2	D	6	17	1	0	60	-1	-1	1	1
3	O	10	34	2	1	-1	2573	-1	1	1
3	O	8	29	1	1	-1	540	-1	1	1
2	D	9	23	2	0	237	-1	-1	1	1
1	D	3	40	1	0	511	-1	-1	1	1
1	D	1	26	1	0	481	-1	-1	1	1
1	D	1	32	1	0	541	-1	-1	1	1
4	O	7	25	2	1	-1	-1	3053	1	1
2	D	9	20	1	0	703	-1	-1	1	1
2	D	8	24	1	0	569	-1	-1	1	1
4	O	2	41	1	0	-1	-1	2061	1	1
4	O	8	13	3	0	-1	-1	2707	1	1
3	O	7	4	4	0	-1	2725	-1	1	1
2	D	5	42	3	0	547	-1	-1	1	1
1	D	3	19	1	0	503	-1	-1	1	1
2	D	9	22	3	0	169	-1	-1	1	1
4	O	4	18	3	0	-1	-1	1128	1	1
4	O	3	31	1	0	-1	-1	1597	1	1
2	D	3	20	4	0	831	-1	-1	1	1
1	D	4	7	4	0	788	-1	-1	1	1
2	D	10	5	2	0	562	-1	-1	1	1
3	O	10	19	4	0	-1	1429	-1	1	1
3	O	10	24	4	0	-1	1966	-1	1	1
2	D	7	31	1	0	81	-1	-1	1	1
3	O	5	38	4	0	-1	437	-1	1	1
2	D	7	9	2	0	64	-1	-1	1	1
1	D	2	42	1	0	315	-1	-1	1	1
3	O	2	23	4	0	-1	1738	-1	1	1
3	O	10	32	2	0	-1	3029	-1	1	1
3	O	6	5	1	0	-1	2595	-1	1	1
4	O	4	39	4	0	-1	-1	211	1	1
4	O	4	37	2	1	-1	-1	1962	1	1
1	D	6	14	2	0	523	-1	-1	1	1
2	D	1	27	3	0	340	-1	-1	1	1
1	D	8	5	3	0	319	-1	-1	1	1
2	D	2	32	4	0	259	-1	-1	1	1
2	D	4	27	2	0	694	-1	-1	1	1
3	O	1	23	4	0	-1	2787	-1	1	1
2	D	4	5	3	0	86	-1	-1	1	1
2	D	9	31	4	0	761	-1	-1	1	1
1	D	8	22	4	0	641	-1	-1	1	1
3	O	9	36	2	0	-1	2500	-1	1	1
4	O	4	24	4	0	-1	-1	2271	1	1
1	D	7	38	3	0	834	-1	-1	1	1
2	D	3	25	1	0	177	-1	-1	1	1
3	O	1	29	4	0	-1	1516	-1	1	1
3	O	4	32	1	0	-1	2199	-1	1	1
4	O	8	38	3	0	-1	-1	814	1	1
4	O	1	19	1	2	-1	-1	68	1	1
3	O	8	21	2	0	-1	3190	-1	1	1
1	D	5	15	2	0	97	-1	-1	1	1
1	D	5	14	4	0	255	-1	-1	1	1
1	D	7	15	3	0	764	-1	-1	1	1
2	D	5	31	4	0	650	-1	-1	1	1
2	D	8	27	2	0	582	-1	-1	1	1
3	O	9	3	4	0	-1	1918	-1	1	1
2	D	10	11	1	0	113	-1	-1	1	1
3	O	8	19	1	0	-1	493	-1	1	1
2	D	7	26	2	0	190	-1	-1	1	1
1	D	5	21	3	0	290	-1	-1	1	1
2	D	10	20	3	0	495	-1	-1	1	1
4	O	10	14	2	0	-1	-1	1640	1	1
4	O	6	39	3	0	-1	-1	1510	1	1
4	O	5	29	3	0	-1	-1	2137	1	1
2	D	4	29	2	0	50	-1	-1	1	1
2	D	6	33	2	0	389	-1	-1	1	1
3	O	3	12	4	0	-1	484	-1	1	1
4	O	4	26	2	0	-1	-1	2117	1	1
3	O	5	35	3	0	-1	1066	-1	1	1
1	D	5	34	1	0	251	-1	-1	1	1
2	D	2	10	4	0	648	-1	-1	1	1
3	O	2	8	2	1	-1	843	-1	1	1
3	O	8	28	2	1	-1	3049	-1	1	1
2	D	4	3	3	0	158	-1	-1	1	1
3	O	5	13	3	0	-1	1869	-1	1	1
3	O	3	41	3	0	-1	1959	-1	1	1
2	D	6	18	3	0	349	-1	-1	1	1
3	O	4	16	3	0	-1	408	-1	1	1
1	D	5	2	3	0	741	-1	-1	1	1
1	D	7	17	3	0	462	-1	-1	1	1
1	D	8	30	3	0	424	-1	-1	1	1
3	O	10	26	3	0	-1	1346	-1	1	1
1	D	3	30	3	0	641	-1	-1	1	1
1	D	4	20	3	0	172	-1	-1	1	1
1	D	9	35	2	0	271	-1	-1	1	1
4	O	1	3	1	0	-1	-1	1305	1	1
4	O	8	36	2	1	-1	-1	1144	1	1
4	O	4	10	4	0	-1	-1	2880	1	1
4	O	2	1	4	0	-1	-1	305	1	1
3	O	1	41	2	1	-1	130	-1	1	1
2	D	2	38	3	0	100	-1	-1	1	1
4	O	2	37	1	2	-1	-1	366	1	1
1	D	8	39	3	0	52	-1	-1	1	1
4	O	7	16	4	0	-1	-1	1380	1	1
2	D	10	23	2	0	110	-1	-1	1	1
1	D	9	28	4	0	795	-1	-1	1	1
2	D	1	34	4	0	683	-1	-1	1	1
2	D	5	6	4	0	274	-1	-1	1	1
