YardCraneScheduling
number of cranes
1
number of containers
150
number of rows
10
number of columns
42
number of tiers
4
number of I/O land
6
number of I/O sea
10
gantry speed
1
trolley speed
1
hoisting speed
1
reshuffling time
2
Crane Initial Position
6	21	5
I/O Land information
#x,y,z
2	43	2
3	43	2
4	43	2
5	43	2
6	43	2
7	43	2
I/O Sea information
#x,y,z
1	0	1
2	0	1
3	0	1
4	0	1
5	0	1
6	0	1
7	0	1
8	0	1
9	0	1
10	0	1
Containers requests information
#Containers requests information, one line per container
#Type	TypeLoc	x	y	z	RS	rj	dj	ej	wj	wcongj
3	O	9	29	3	0	-1	2027	-1	1	1
4	O	7	19	3	0	-1	-1	1850	1	1
4	O	2	34	2	1	-1	-1	1517	1	1
1	D	8	37	2	0	303	-1	-1	1	1
4	O	3	5	1	0	-1	-1	631	1	1
2	D	2	9	1	0	264	-1	-1	1	1
4	O	3	41	4	0	-1	-1	148	1	1
2	D	5	23	3	0	544	-1	-1	1	1
4	O	9	16	4	0	-1	-1	142	1	1
4	O	2	42	4	0	-1	-1	142	1	1
4	O	5	3	1	0	-1	-1	1969	1	1
1	D	8	23	2	0	524	-1	-1	1	1
1	D	6	32	2	0	209	-1	-1	1	1
4	O	9	17	3	0	-1	-1	2270	1	1
2	D	8	38	4	0	88	-1	-1	1	1
3	O	3	11	1	2	-1	2142	-1	1	1
3	O	5	15	3	0	-1	504	-1	1	1
1	D	6	9	3	0	472	-1	-1	1	1
2	D	8	8	3	0	624	-1	-1	1	1
1	D	9	40	2	0	387	-1	-1	1	1
3	O	10	34	1	1	-1	2339	-1	1	1
1	D	6	14	1	0	270	-1	-1	1	1
3	O	7	33	1	0	-1	2328	-1	1	1
3	O	7	26	1	0	-1	2337	-1	1	1
3	O	9	21	3	0	-1	1837	-1	1	1
4	O	1	3	3	0	-1	-1	897	1	1
3	O	5	6	2	1	-1	733	-1	1	1
4	O	6	13	3	0	-1	-1	71	1	1
4	O	3	20	4	0	-1	-1	2145	1	1
3	O	7	4	2	0	-1	1447	-1	1	1
2	D	7	10	1	0	583	-1	-1	1	1
2	D	4	29	2	0	508	-1	-1	1	1
2	D	10	29	2	0	27	-1	-1	1	1
1	D	10	7	3	0	389	-1	-1	1	1
2	D	6	1	2	0	24	-1	-1	1	1
1	D	8	39	3	0	161	-1	-1	1	1
1	D	1	40	1	0	188	-1	-1	1	1
2	D	5	26	2	0	208	-1	-1	1	1
1	D	6	30	2	0	134	-1	-1	1	1
3	O	1	15	4	0	-1	2190	-1	1	1
3	O	2	21	4	0	-1	1545	-1	1	1
4	O	8	33	3	0	-1	-1	1727	1	1
2	D	1	14	2	0	156	-1	-1	1	1
4	O	6	28	1	0	-1	-1	1544	1	1
4	O	9	11	2	0	-1	-1	2044	1	1
2	D	4	21	1	0	619	-1	-1	1	1
2	D	6	7	4	0	223	-1	-1	1	1
4	O	7	18	2	0	-1	-1	1578	1	1
3	O	3	14	3	0	-1	1438	-1	1	1
3	O	5	16	1	1	-1	1098	-1	1	1
4	O	6	27	2	0	-1	-1	160	1	1
3	O	6	38	2	1	-1	1720	-1	1	1
4	O	3	35	2	0	-1	-1	2500	1	1
3	O	10	35	2	1	-1	1135	-1	1	1
1	D	10	30	3	0	202	-1	-1	1	1
1	D	7	14	2	0	4	-1	-1	1	1
1	D	6	2	4	0	232	-1	-1	1	1
3	O	8	32	4	0	-1	1927	-1	1	1
2	D	4	35	3	0	426	-1	-1	1	1
1	D	10	23	2	0	115	-1	-1	1	1
1	D	2	1	1	0	168	-1	-1	1	1
4	O	9	4	1	0	-1	-1	713	1	1
2	D	10	6	2	0	454	-1	-1	1	1
4	O	7	21	2	0	-1	-1	899	1	1
4	O	5	41	1	2	-1	-1	2164	1	1
1	D	7	37	4	0	279	-1	-1	1	1
2	D	5	5	3	0	269	-1	-1	1	1
2	D	4	18	2	0	113	-1	-1	1	1
1	D	4	1	1	0	252	-1	-1	1	1
4	O	8	5	4	0	-1	-1	1421	1	1
3	O	1	39	1	0	-1	1741	-1	1	1
2	D	1	42	1	0	476	-1	-1	1	1
4	O	6	22	3	0	-1	-1	1686	1	1
3	O	4	10	4	0	-1	1553	-1	1	1
2	D	10	15	2	0	31	-1	-1	1	1
2	D	9	10	3	0	258	-1	-1	1	1
3	O	6	29	3	0	-1	2503	-1	1	1
4	O	6	42	2	0	-1	-1	2152	1	1
1	D	8	29	3	0	562	-1	-1	1	1
2	D	2	16	4	0	621	-1	-1	1	1
3	O	1	12	3	0	-1	1833	-1	1	1
1	D	4	32	4	0	440	-1	-1	1	1
3	O	8	11	1	2	-1	768	-1	1	1
2	D	2	26	4	0	259	-1	-1	1	1
3	O	1	22	3	0	-1	1309	-1	1	1
1	D	1	23	1	0	90	-1	-1	1	1
3	O	2	11	3	0	-1	953	-1	1	1
2	D	1	18	2	0	66	-1	-1	1	1
3	O	10	42	2	0	-1	2460	-1	1	1
4	O	8	34	1	0	-1	-1	1665	1	1
3	O	5	30	2	0	-1	1596	-1	1	1
3	O	5	39	2	0	-1	749	-1	1	1
2	D	10	24	2	0	188	-1	-1	1	1
4	O	9	34	4	0	-1	-1	828	1	1
1	D	8	4	4	0	198	-1	-1	1	1
2	D	2	36	2	0	324	-1	-1	1	1
2	D	3	19	4	0	377	-1	-1	1	1
2	D	10	40	1	0	120	-1	-1	1	1
3	O	10	17	3	0	-1	1014	-1	1	1
1	D	9	7	3	0	16	-1	-1	1	1
3	O	4	12	4	0	-1	113	-1	1	1
1	D	4	33	4	0	53	-1	-1	1	1
4	O	4	34	1	0	-1	-1	519	1	1
2	D	1	30	2	0	73	-1	-1	1	1
4	O	10	1	2	0	-1	-1	2055	1	1
3	O	8	13	2	1	-1	802	-1	1	1
1	D	9	26	4	0	268	-1	-1	1	1
1	D	5	21	2	0	99	-1	-1	1	1
1	D	7	5	2	0	487	-1	-1	1	1
1	D	5	12	4	0	106	-1	-1	1	1
3	O	9	30	3	0	-1	1464	-1	1	1
3	O	5	33	1	2	-1	1024	-1	1	1
1	D	3	38	4	0	356	-1	-1	1	1
2	D	2	15	2	0	599	-1	-1	1	1
2	D	2	32	1	0	325	-1	-1	1	1
2	D	8	19	4	0	146	-1	-1	1	1
4	O	6	8	4	0	-1	-1	1392	1	1
2	D	4	28	1	0	491	-1	-1	1	1
4	O	7	7	3	0	-1	-1	2446	1	1
1	D	1	33	2	0	618	-1	-1	1	1
2	D	4	24	3	0	428	-1	-1	1	1
2	D	7	13	1	0	433	-1	-1	1	1
3	O	5	2	3	0	-1	1267	-1	1	1
2	D	7	3	1	0	616	-1	-1	1	1
4	O	5	32	1	0	-1	-1	428	1	1
4	O	6	39	2	0	-1	-1	200	1	1
4	O	7	24	4	0	-1	-1	2306	1	1
4	O	2	8	4	0	-1	-1	1784	1	1
2	D	4	9	1	0	69	-1	-1	1	1
3	O	2	28	4	0	-1	1418	-1	1	1
4	O	2	4	1	2	-1	-1	385	1	1
3	O	6	31	3	0	-1	1443	-1	1	1
3	O	1	5	4	0	-1	2017	-1	1	1
1	D	3	28	3	0	188	-1	-1	1	1
1	D	6	36	3	0	22	-1	-1	1	1
1	D	8	2	1	0	69	-1	-1	1	1
4	O	6	5	4	0	-1	-1	2128	1	1
4	O	4	15	3	0	-1	-1	1910	1	1
4	O	3	36	1	0	-1	-1	694	1	1
4	O	3	12	1	0	-1	-1	1322	1	1
2	D	10	41	4	0	355	-1	-1	1	1
2	D	2	12	3	0	523	-1	-1	1	1
1	D	3	39	2	0	491	-1	-1	1	1
2	D	1	10	1	0	171	-1	-1	1	1
3	O	1	9	1	0	-1	560	-1	1	1
1	D	10	39	1	0	404	-1	-1	1	1
1	D	8	25	1	0	262	-1	-1	1	1
1	D	5	4	3	0	242	-1	-1	1	1
1	D	1	1	3	0	268	-1	-1	1	1
2	D	4	17	2	0	335	-1	-1	1	1
