YardCraneScheduling
number of cranes
1
number of containers
150
number of rows
10
number of columns
42
number of tiers
4
number of I/O land
6
number of I/O sea
10
gantry speed
1
trolley speed
1
hoisting speed
1
reshuffling time
2
Crane Initial Position
1	0	5
I/O Land information
#x,y,z
2	43	2
3	43	2
4	43	2
5	43	2
6	43	2
7	43	2
I/O Sea information
#x,y,z
1	0	1
2	0	1
3	0	1
4	0	1
5	0	1
6	0	1
7	0	1
8	0	1
9	0	1
10	0	1
Containers requests information
#Containers requests information, one line per container
#Type	TypeLoc	x	y	z	RS	rj	dj	ej	wj	wcongj
2	D	6	15	1	0	1107	-1	-1	1	1
3	O	2	24	4	0	-1	1532	-1	3	3
2	D	2	19	2	0	1586	-1	-1	1	1
2	D	2	11	3	0	2487	-1	-1	1	1
3	O	8	18	1	0	-1	1752	-1	3	3
1	D	1	26	1	0	189	-1	-1	3	3
3	O	7	33	2	0	-1	882	-1	3	3
2	D	5	29	4	0	2431	-1	-1	1	1
3	O	1	24	4	0	-1	34	-1	3	3
1	D	5	22	3	0	2146	-1	-1	3	3
3	O	2	36	2	0	-1	2072	-1	3	3
2	D	8	26	2	0	1323	-1	-1	1	1
4	O	7	28	1	1	-1	-1	352	1	1
4	O	8	37	3	0	-1	-1	1550	1	1
1	D	2	15	4	0	694	-1	-1	3	3
2	D	7	30	4	0	1121	-1	-1	1	1
4	O	8	7	2	1	-1	-1	392	1	1
4	O	9	13	1	0	-1	-1	2385	1	1
2	D	9	29	2	0	1184	-1	-1	1	1
2	D	8	6	2	0	848	-1	-1	1	1
1	D	9	32	4	0	504	-1	-1	3	3
2	D	8	11	2	0	494	-1	-1	1	1
1	D	10	38	4	0	1183	-1	-1	3	3
1	D	8	19	1	0	1187	-1	-1	3	3
3	O	2	21	2	0	-1	2238	-1	3	3
4	O	5	12	4	0	-1	-1	2284	1	1
3	O	5	5	4	0	-1	1032	-1	3	3
4	O	1	28	1	0	-1	-1	2253	1	1
1	D	2	30	2	0	1012	-1	-1	3	3
2	D	3	5	2	0	1903	-1	-1	1	1
4	O	1	32	4	0	-1	-1	814	1	1
1	D	5	39	3	0	2091	-1	-1	3	3
2	D	5	9	1	0	2416	-1	-1	1	1
1	D	3	28	2	0	149	-1	-1	3	3
4	O	10	35	2	0	-1	-1	1121	1	1
4	O	10	14	2	0	-1	-1	2468	1	1
4	O	9	11	1	1	-1	-1	1725	1	1
4	O	5	4	4	0	-1	-1	1130	1	1
3	O	6	41	2	0	-1	2001	-1	3	3
4	O	2	35	1	2	-1	-1	88	1	1
3	O	2	1	1	0	-1	766	-1	3	3
2	D	9	2	2	0	1318	-1	-1	1	1
3	O	3	30	2	1	-1	160	-1	3	3
3	O	9	26	2	0	-1	1030	-1	3	3
1	D	10	39	3	0	1358	-1	-1	3	3
4	O	5	11	2	0	-1	-1	2282	1	1
2	D	9	5	2	0	2061	-1	-1	1	1
1	D	5	41	3	0	1507	-1	-1	3	3
3	O	9	10	1	2	-1	44	-1	3	3
1	D	3	15	1	0	1525	-1	-1	3	3
3	O	3	4	1	2	-1	133	-1	3	3
2	D	10	5	1	0	167	-1	-1	1	1
4	O	2	34	3	0	-1	-1	1737	1	1
1	D	1	27	1	0	1239	-1	-1	3	3
2	D	5	37	3	0	1603	-1	-1	1	1
1	D	3	7	3	0	2250	-1	-1	3	3
3	O	4	18	1	0	-1	221	-1	3	3
3	O	7	8	1	0	-1	276	-1	3	3
3	O	10	1	4	0	-1	626	-1	3	3
4	O	2	8	3	0	-1	-1	174	1	1
1	D	4	5	2	0	882	-1	-1	3	3
2	D	7	41	4	0	1820	-1	-1	1	1
4	O	5	28	2	1	-1	-1	61	1	1
2	D	3	37	4	0	631	-1	-1	1	1
3	O	3	16	4	0	-1	1904	-1	3	3
1	D	7	21	2	0	1964	-1	-1	3	3
2	D	2	12	2	0	2260	-1	-1	1	1
2	D	9	20	3	0	1647	-1	-1	1	1
1	D	6	1	1	0	1490	-1	-1	3	3
4	O	4	39	2	1	-1	-1	152	1	1
2	D	1	6	2	0	1951	-1	-1	1	1
4	O	6	20	3	0	-1	-1	802	1	1
1	D	2	22	1	0	1754	-1	-1	3	3
3	O	7	35	3	0	-1	1265	-1	3	3
1	D	9	35	1	0	1687	-1	-1	3	3
2	D	9	31	1	0	300	-1	-1	1	1
4	O	7	27	4	0	-1	-1	926	1	1
1	D	5	7	4	0	1862	-1	-1	3	3
2	D	3	41	3	0	1843	-1	-1	1	1
3	O	9	33	3	0	-1	390	-1	3	3
4	O	10	6	2	1	-1	-1	326	1	1
1	D	5	25	4	0	186	-1	-1	3	3
1	D	6	4	2	0	396	-1	-1	3	3
2	D	5	31	2	0	645	-1	-1	1	1
1	D	1	29	3	0	925	-1	-1	3	3
3	O	6	11	4	0	-1	2039	-1	3	3
2	D	7	15	4	0	1305	-1	-1	1	1
2	D	6	13	1	0	798	-1	-1	1	1
3	O	9	40	3	0	-1	1231	-1	3	3
4	O	10	4	1	0	-1	-1	1078	1	1
1	D	9	7	1	0	869	-1	-1	3	3
3	O	8	38	1	1	-1	2502	-1	3	3
1	D	4	35	1	0	2463	-1	-1	3	3
2	D	6	23	2	0	1904	-1	-1	1	1
3	O	3	26	2	0	-1	2323	-1	3	3
2	D	3	33	4	0	1087	-1	-1	1	1
2	D	6	30	3	0	2338	-1	-1	1	1
2	D	1	34	2	0	414	-1	-1	1	1
1	D	1	30	4	0	382	-1	-1	3	3
4	O	7	23	1	0	-1	-1	2110	1	1
1	D	7	12	2	0	1718	-1	-1	3	3
1	D	6	2	3	0	1526	-1	-1	3	3
2	D	1	39	2	0	2238	-1	-1	1	1
2	D	3	29	2	0	960	-1	-1	1	1
2	D	6	42	3	0	811	-1	-1	1	1
3	O	4	14	4	0	-1	1196	-1	3	3
4	O	6	5	2	0	-1	-1	148	1	1
4	O	9	19	1	0	-1	-1	1569	1	1
1	D	4	28	3	0	885	-1	-1	3	3
3	O	10	32	4	0	-1	1179	-1	3	3
4	O	8	35	4	0	-1	-1	149	1	1
2	D	2	29	2	0	2294	-1	-1	1	1
4	O	5	38	4	0	-1	-1	1892	1	1
3	O	6	32	2	1	-1	1015	-1	3	3
3	O	10	10	2	0	-1	1885	-1	3	3
3	O	2	39	3	0	-1	2420	-1	3	3
2	D	3	13	2	0	10	-1	-1	1	1
4	O	7	38	1	0	-1	-1	1116	1	1
3	O	1	31	2	0	-1	600	-1	3	3
1	D	2	40	3	0	2383	-1	-1	3	3
2	D	5	33	2	0	1593	-1	-1	1	1
3	O	8	27	1	0	-1	69	-1	3	3
2	D	1	40	3	0	1536	-1	-1	1	1
3	O	7	20	1	1	-1	1873	-1	3	3
2	D	5	34	4	0	2347	-1	-1	1	1
3	O	10	28	3	0	-1	1917	-1	3	3
4	O	6	21	1	1	-1	-1	798	1	1
1	D	8	24	3	0	805	-1	-1	3	3
2	D	7	34	1	0	727	-1	-1	1	1
2	D	5	26	3	0	193	-1	-1	1	1
1	D	5	15	1	0	1043	-1	-1	3	3
4	O	5	16	3	0	-1	-1	628	1	1
1	D	5	21	4	0	192	-1	-1	3	3
4	O	3	11	3	0	-1	-1	2519	1	1
4	O	3	12	1	0	-1	-1	1218	1	1
3	O	10	3	4	0	-1	996	-1	3	3
2	D	9	36	4	0	269	-1	-1	1	1
4	O	10	37	3	0	-1	-1	2479	1	1
1	D	4	6	1	0	1631	-1	-1	3	3
4	O	10	15	3	0	-1	-1	351	1	1
4	O	1	7	2	0	-1	-1	1123	1	1
1	D	8	15	4	0	1993	-1	-1	3	3
4	O	9	22	1	1	-1	-1	2121	1	1
1	D	8	21	2	0	9	-1	-1	3	3
1	D	8	2	3	0	1236	-1	-1	3	3
3	O	8	41	4	0	-1	853	-1	3	3
4	O	8	14	3	0	-1	-1	950	1	1
2	D	10	20	4	0	2486	-1	-1	1	1
1	D	8	42	3	0	2113	-1	-1	3	3
1	D	9	34	3	0	590	-1	-1	3	3
