YardCraneScheduling
number of cranes
1
number of containers
200
number of rows
10
number of columns
42
number of tiers
4
number of I/O land
6
number of I/O sea
10
gantry speed
1
trolley speed
1
hoisting speed
1
reshuffling time
2
Crane Initial Position
6	20	5
I/O Land information
#x,y,z
2	43	2
3	43	2
4	43	2
5	43	2
6	43	2
7	43	2
I/O Sea information
#x,y,z
1	0	1
2	0	1
3	0	1
4	0	1
5	0	1
6	0	1
7	0	1
8	0	1
9	0	1
10	0	1
Containers requests information
#Containers requests information, one line per container
#Type	TypeLoc	x	y	z	RS	rj	dj	ej	wj	wcongj
1	D	7	37	1	0	788	-1	-1	3	3
2	D	5	22	2	0	5174	-1	-1	1	1
3	O	4	3	2	0	-1	1642	-1	3	3
2	D	8	18	3	0	5230	-1	-1	1	1
3	O	10	29	3	0	-1	2230	-1	3	3
3	O	6	29	1	0	-1	3092	-1	3	3
2	D	6	42	2	0	1862	-1	-1	1	1
2	D	10	23	4	0	880	-1	-1	1	1
3	O	6	14	3	0	-1	2268	-1	3	3
1	D	10	4	2	0	5735	-1	-1	3	3
4	O	2	14	4	0	-1	-1	3035	1	1
1	D	8	22	4	0	493	-1	-1	3	3
3	O	1	37	2	0	-1	2566	-1	3	3
2	D	2	15	2	0	3616	-1	-1	1	1
3	O	3	33	2	0	-1	2917	-1	3	3
1	D	3	17	3	0	5723	-1	-1	3	3
2	D	3	7	4	0	2746	-1	-1	1	1
1	D	4	37	3	0	4239	-1	-1	3	3
2	D	4	26	4	0	3781	-1	-1	1	1
4	O	9	10	3	0	-1	-1	3331	1	1
1	D	3	1	4	0	5507	-1	-1	3	3
2	D	6	19	4	0	7	-1	-1	1	1
1	D	4	34	3	0	775	-1	-1	3	3
1	D	2	18	4	0	5620	-1	-1	3	3
3	O	8	11	1	0	-1	1602	-1	3	3
3	O	6	1	3	0	-1	2238	-1	3	3
4	O	7	9	2	0	-1	-1	20	1	1
1	D	8	15	3	0	2032	-1	-1	3	3
1	D	4	15	2	0	3674	-1	-1	3	3
1	D	8	23	4	0	3127	-1	-1	3	3
4	O	7	16	1	0	-1	-1	1958	1	1
3	O	10	14	3	0	-1	3294	-1	3	3
4	O	3	40	4	0	-1	-1	394	1	1
1	D	9	4	1	0	4781	-1	-1	3	3
2	D	10	30	1	0	434	-1	-1	1	1
3	O	9	3	2	0	-1	1071	-1	3	3
2	D	6	21	4	0	2070	-1	-1	1	1
2	D	2	17	4	0	1228	-1	-1	1	1
3	O	3	12	2	0	-1	31	-1	3	3
4	O	10	5	3	0	-1	-1	2634	1	1
3	O	9	40	1	0	-1	1917	-1	3	3
3	O	8	5	3	0	-1	1322	-1	3	3
2	D	8	31	3	0	4465	-1	-1	1	1
3	O	2	40	1	0	-1	2916	-1	3	3
1	D	2	33	3	0	2811	-1	-1	3	3
1	D	6	13	3	0	4036	-1	-1	3	3
3	O	10	33	1	0	-1	1271	-1	3	3
2	D	2	26	4	0	4521	-1	-1	1	1
3	O	7	25	2	0	-1	205	-1	3	3
4	O	5	26	4	0	-1	-1	1209	1	1
4	O	5	30	2	1	-1	-1	2705	1	1
2	D	4	12	4	0	3987	-1	-1	1	1
3	O	3	21	4	0	-1	1767	-1	3	3
4	O	1	8	3	0	-1	-1	740	1	1
4	O	4	30	4	0	-1	-1	822	1	1
4	O	1	26	1	2	-1	-1	2361	1	1
2	D	9	12	3	0	425	-1	-1	1	1
2	D	9	37	3	0	5079	-1	-1	1	1
3	O	8	39	4	0	-1	307	-1	3	3
3	O	4	41	3	0	-1	1114	-1	3	3
1	D	10	31	3	0	2908	-1	-1	3	3
2	D	10	12	2	0	5843	-1	-1	1	1
2	D	9	6	3	0	1784	-1	-1	1	1
2	D	9	27	3	0	5487	-1	-1	1	1
3	O	10	34	4	0	-1	3138	-1	3	3
3	O	9	39	3	0	-1	1131	-1	3	3
2	D	8	37	4	0	900	-1	-1	1	1
1	D	10	25	1	0	3547	-1	-1	3	3
3	O	4	21	1	0	-1	338	-1	3	3
3	O	10	11	3	0	-1	2093	-1	3	3
1	D	8	8	1	0	5449	-1	-1	3	3
3	O	7	15	2	0	-1	1551	-1	3	3
1	D	9	16	1	0	4272	-1	-1	3	3
2	D	1	12	1	0	4671	-1	-1	1	1
4	O	6	15	2	0	-1	-1	1376	1	1
2	D	7	13	2	0	1737	-1	-1	1	1
2	D	8	26	1	0	321	-1	-1	1	1
1	D	9	5	1	0	4288	-1	-1	3	3
1	D	9	22	3	0	1929	-1	-1	3	3
4	O	2	23	2	0	-1	-1	2825	1	1
4	O	2	8	4	0	-1	-1	1232	1	1
2	D	1	28	1	0	1020	-1	-1	1	1
3	O	6	4	2	1	-1	2118	-1	3	3
3	O	4	1	3	0	-1	3200	-1	3	3
3	O	2	6	4	0	-1	90	-1	3	3
4	O	4	22	4	0	-1	-1	115	1	1
2	D	2	7	3	0	228	-1	-1	1	1
1	D	9	35	3	0	25	-1	-1	3	3
2	D	1	38	4	0	2250	-1	-1	1	1
4	O	5	41	3	0	-1	-1	2887	1	1
2	D	8	32	1	0	3033	-1	-1	1	1
1	D	3	28	1	0	886	-1	-1	3	3
2	D	7	12	4	0	1955	-1	-1	1	1
2	D	4	20	3	0	4920	-1	-1	1	1
3	O	4	18	1	2	-1	2443	-1	3	3
1	D	10	19	4	0	5264	-1	-1	3	3
2	D	2	2	1	0	1729	-1	-1	1	1
3	O	9	1	3	0	-1	2909	-1	3	3
3	O	4	16	3	0	-1	551	-1	3	3
2	D	4	31	3	0	1287	-1	-1	1	1
1	D	5	8	3	0	1595	-1	-1	3	3
1	D	1	21	2	0	2716	-1	-1	3	3
1	D	5	6	4	0	1144	-1	-1	3	3
2	D	9	25	4	0	4138	-1	-1	1	1
3	O	4	24	4	0	-1	3089	-1	3	3
1	D	7	38	1	0	2904	-1	-1	3	3
1	D	7	36	4	0	4960	-1	-1	3	3
4	O	5	2	3	0	-1	-1	2661	1	1
1	D	5	21	2	0	2259	-1	-1	3	3
1	D	4	11	2	0	3514	-1	-1	3	3
3	O	8	3	1	0	-1	1376	-1	3	3
3	O	2	1	3	0	-1	2974	-1	3	3
3	O	8	24	2	0	-1	3033	-1	3	3
2	D	8	42	2	0	4594	-1	-1	1	1
2	D	2	41	2	0	1176	-1	-1	1	1
2	D	5	14	3	0	2583	-1	-1	1	1
3	O	2	28	1	2	-1	2491	-1	3	3
4	O	9	18	1	2	-1	-1	1396	1	1
2	D	1	30	3	0	704	-1	-1	1	1
4	O	8	27	2	0	-1	-1	2313	1	1
1	D	3	42	4	0	1604	-1	-1	3	3
4	O	4	33	3	0	-1	-1	478	1	1
2	D	10	6	4	0	2343	-1	-1	1	1
3	O	10	36	3	0	-1	2170	-1	3	3
4	O	5	35	2	0	-1	-1	3233	1	1
3	O	1	25	2	1	-1	1607	-1	3	3
1	D	5	24	2	0	5799	-1	-1	3	3
4	O	5	40	3	0	-1	-1	2401	1	1
1	D	10	24	1	0	2502	-1	-1	3	3
2	D	4	29	1	0	2356	-1	-1	1	1
3	O	4	25	2	1	-1	3086	-1	3	3
2	D	9	19	2	0	3438	-1	-1	1	1
1	D	6	5	3	0	1014	-1	-1	3	3
2	D	5	23	3	0	4078	-1	-1	1	1
4	O	6	16	2	1	-1	-1	342	1	1
1	D	6	28	2	0	2308	-1	-1	3	3
3	O	2	38	2	0	-1	407	-1	3	3
1	D	1	6	2	0	1054	-1	-1	3	3
1	D	5	15	4	0	2859	-1	-1	3	3
1	D	8	13	4	0	845	-1	-1	3	3
1	D	1	31	2	0	1425	-1	-1	3	3
3	O	7	1	3	0	-1	316	-1	3	3
2	D	9	8	2	0	1577	-1	-1	1	1
2	D	1	2	1	0	5608	-1	-1	1	1
2	D	10	17	3	0	4791	-1	-1	1	1
2	D	3	10	3	0	5341	-1	-1	1	1
1	D	4	27	3	0	2181	-1	-1	3	3
3	O	4	28	4	0	-1	857	-1	3	3
4	O	4	8	3	0	-1	-1	2444	1	1
2	D	9	23	1	0	4045	-1	-1	1	1
1	D	4	42	4	0	3738	-1	-1	3	3
3	O	6	23	1	0	-1	3120	-1	3	3
4	O	2	19	3	0	-1	-1	2271	1	1
1	D	4	32	4	0	4782	-1	-1	3	3
3	O	3	22	2	0	-1	2971	-1	3	3
2	D	1	16	4	0	757	-1	-1	1	1
3	O	10	7	2	0	-1	319	-1	3	3
2	D	7	29	4	0	4225	-1	-1	1	1
2	D	2	13	4	0	3776	-1	-1	1	1
1	D	6	3	1	0	984	-1	-1	3	3
4	O	8	10	3	0	-1	-1	2321	1	1
2	D	3	19	3	0	2570	-1	-1	1	1
4	O	7	22	4	0	-1	-1	318	1	1
2	D	1	22	3	0	1609	-1	-1	1	1
1	D	3	8	2	0	2238	-1	-1	3	3
1	D	3	36	4	0	1222	-1	-1	3	3
4	O	5	38	2	1	-1	-1	1562	1	1
4	O	1	27	4	0	-1	-1	289	1	1
2	D	8	12	2	0	5208	-1	-1	1	1
4	O	9	15	2	0	-1	-1	1159	1	1
3	O	9	42	1	2	-1	1260	-1	3	3
2	D	8	21	1	0	2901	-1	-1	1	1
1	D	6	38	3	0	3891	-1	-1	3	3
1	D	3	25	2	0	2798	-1	-1	3	3
2	D	5	42	3	0	1207	-1	-1	1	1
2	D	1	29	3	0	4806	-1	-1	1	1
2	D	1	14	2	0	223	-1	-1	1	1
2	D	6	31	4	0	4502	-1	-1	1	1
1	D	3	6	3	0	4232	-1	-1	3	3
2	D	8	35	3	0	3863	-1	-1	1	1
3	O	1	17	4	0	-1	2878	-1	3	3
4	O	5	17	1	0	-1	-1	1284	1	1
3	O	1	24	2	1	-1	1734	-1	3	3
2	D	5	19	3	0	2053	-1	-1	1	1
2	D	2	30	2	0	927	-1	-1	1	1
2	D	6	18	1	0	1265	-1	-1	1	1
1	D	10	28	4	0	4983	-1	-1	3	3
1	D	9	28	1	0	3880	-1	-1	3	3
4	O	2	5	4	0	-1	-1	2858	1	1
1	D	7	5	2	0	1917	-1	-1	3	3
1	D	4	6	4	0	1075	-1	-1	3	3
4	O	3	27	4	0	-1	-1	89	1	1
1	D	3	39	3	0	4819	-1	-1	3	3
4	O	1	4	4	0	-1	-1	17	1	1
2	D	9	9	3	0	5603	-1	-1	1	1
3	O	2	39	3	0	-1	1203	-1	3	3
2	D	5	16	3	0	877	-1	-1	1	1
3	O	5	3	2	0	-1	1174	-1	3	3
2	D	8	20	4	0	3551	-1	-1	1	1
4	O	7	19	1	0	-1	-1	920	1	1
