YardCraneScheduling
number of cranes
1
number of containers
200
number of rows
10
number of columns
42
number of tiers
4
number of I/O land
6
number of I/O sea
10
gantry speed
1
trolley speed
1
hoisting speed
1
reshuffling time
2
Crane Initial Position
3	17	5
I/O Land information
#x,y,z
2	43	2
3	43	2
4	43	2
5	43	2
6	43	2
7	43	2
I/O Sea information
#x,y,z
1	0	1
2	0	1
3	0	1
4	0	1
5	0	1
6	0	1
7	0	1
8	0	1
9	0	1
10	0	1
Containers requests information
#Containers requests information, one line per container
#Type	TypeLoc	x	y	z	RS	rj	dj	ej	wj	wcongj
3	O	3	16	2	0	-1	525	-1	3	3
4	O	6	32	3	0	-1	-1	849	1	1
4	O	8	32	4	0	-1	-1	404	1	1
2	D	10	14	1	0	768	-1	-1	1	1
2	D	7	9	2	0	560	-1	-1	1	1
2	D	3	20	2	0	652	-1	-1	1	1
1	D	3	30	2	0	302	-1	-1	3	3
3	O	1	4	3	0	-1	800	-1	3	3
1	D	1	42	3	0	758	-1	-1	3	3
4	O	5	22	2	0	-1	-1	2362	1	1
3	O	5	8	1	0	-1	848	-1	3	3
3	O	9	28	1	1	-1	200	-1	3	3
1	D	8	38	2	0	401	-1	-1	3	3
2	D	1	15	2	0	367	-1	-1	1	1
3	O	10	36	2	0	-1	2030	-1	3	3
2	D	1	8	4	0	443	-1	-1	1	1
4	O	2	27	1	0	-1	-1	1349	1	1
2	D	4	37	4	0	515	-1	-1	1	1
2	D	6	10	4	0	8	-1	-1	1	1
3	O	2	29	2	1	-1	97	-1	3	3
2	D	5	6	1	0	309	-1	-1	1	1
4	O	3	40	2	1	-1	-1	2768	1	1
2	D	8	2	1	0	760	-1	-1	1	1
2	D	8	31	4	0	162	-1	-1	1	1
2	D	8	4	4	0	382	-1	-1	1	1
2	D	1	31	4	0	652	-1	-1	1	1
2	D	6	40	3	0	230	-1	-1	1	1
3	O	9	19	2	0	-1	1061	-1	3	3
1	D	1	27	4	0	450	-1	-1	3	3
3	O	10	28	1	1	-1	3162	-1	3	3
1	D	4	16	4	0	493	-1	-1	3	3
1	D	5	11	2	0	777	-1	-1	3	3
4	O	3	33	1	0	-1	-1	1371	1	1
1	D	9	37	4	0	143	-1	-1	3	3
3	O	7	36	4	0	-1	2903	-1	3	3
3	O	4	38	1	0	-1	2676	-1	3	3
2	D	3	38	4	0	744	-1	-1	1	1
4	O	2	5	3	0	-1	-1	1356	1	1
3	O	6	9	3	0	-1	2372	-1	3	3
3	O	4	10	2	0	-1	1631	-1	3	3
4	O	10	3	3	0	-1	-1	629	1	1
4	O	9	11	2	0	-1	-1	1206	1	1
1	D	4	1	3	0	8	-1	-1	3	3
3	O	1	17	4	0	-1	441	-1	3	3
3	O	8	11	3	0	-1	2956	-1	3	3
1	D	2	28	1	0	727	-1	-1	3	3
3	O	10	26	1	0	-1	521	-1	3	3
2	D	9	24	3	0	371	-1	-1	1	1
1	D	3	39	2	0	163	-1	-1	3	3
4	O	2	7	4	0	-1	-1	1907	1	1
2	D	7	30	4	0	154	-1	-1	1	1
2	D	7	23	1	0	147	-1	-1	1	1
3	O	2	16	3	0	-1	3305	-1	3	3
3	O	10	13	4	0	-1	1191	-1	3	3
1	D	5	29	1	0	107	-1	-1	3	3
4	O	7	8	4	0	-1	-1	2835	1	1
4	O	7	29	2	0	-1	-1	348	1	1
2	D	9	21	4	0	374	-1	-1	1	1
3	O	5	42	2	1	-1	3274	-1	3	3
3	O	7	34	3	0	-1	3197	-1	3	3
2	D	3	7	4	0	256	-1	-1	1	1
2	D	4	40	3	0	385	-1	-1	1	1
1	D	8	40	3	0	312	-1	-1	3	3
4	O	2	21	3	0	-1	-1	1230	1	1
2	D	2	30	2	0	553	-1	-1	1	1
1	D	10	10	2	0	438	-1	-1	3	3
4	O	7	39	3	0	-1	-1	520	1	1
3	O	3	32	4	0	-1	2130	-1	3	3
3	O	2	36	4	0	-1	3038	-1	3	3
4	O	6	39	1	2	-1	-1	312	1	1
4	O	5	40	2	1	-1	-1	3226	1	1
1	D	1	32	3	0	304	-1	-1	3	3
4	O	4	33	4	0	-1	-1	1658	1	1
4	O	1	16	2	1	-1	-1	1268	1	1
4	O	8	23	4	0	-1	-1	1634	1	1
1	D	10	32	2	0	219	-1	-1	3	3
1	D	3	12	1	0	21	-1	-1	3	3
1	D	7	41	4	0	234	-1	-1	3	3
3	O	10	30	4	0	-1	3317	-1	3	3
1	D	1	38	3	0	540	-1	-1	3	3
2	D	5	30	1	0	214	-1	-1	1	1
2	D	2	37	2	0	480	-1	-1	1	1
4	O	2	31	2	0	-1	-1	2417	1	1
4	O	7	11	4	0	-1	-1	1348	1	1
1	D	1	36	2	0	508	-1	-1	3	3
1	D	4	22	1	0	320	-1	-1	3	3
2	D	2	39	1	0	449	-1	-1	1	1
3	O	8	18	1	2	-1	828	-1	3	3
2	D	5	34	2	0	73	-1	-1	1	1
4	O	4	19	3	0	-1	-1	2198	1	1
2	D	1	40	2	0	74	-1	-1	1	1
3	O	7	22	1	2	-1	1038	-1	3	3
1	D	8	36	1	0	520	-1	-1	3	3
2	D	1	13	2	0	86	-1	-1	1	1
1	D	3	34	3	0	757	-1	-1	3	3
3	O	6	5	3	0	-1	1672	-1	3	3
1	D	3	42	3	0	456	-1	-1	3	3
3	O	4	4	1	1	-1	261	-1	3	3
4	O	9	9	4	0	-1	-1	2966	1	1
4	O	10	34	2	0	-1	-1	2238	1	1
2	D	5	7	1	0	634	-1	-1	1	1
4	O	10	39	2	0	-1	-1	2571	1	1
1	D	8	37	4	0	747	-1	-1	3	3
4	O	10	17	4	0	-1	-1	836	1	1
4	O	10	2	4	0	-1	-1	505	1	1
2	D	4	29	1	0	214	-1	-1	1	1
4	O	2	6	3	0	-1	-1	1674	1	1
1	D	1	28	1	0	416	-1	-1	3	3
1	D	1	37	3	0	601	-1	-1	3	3
4	O	1	24	3	0	-1	-1	1901	1	1
4	O	2	3	4	0	-1	-1	1173	1	1
3	O	9	39	3	0	-1	2999	-1	3	3
2	D	7	37	4	0	552	-1	-1	1	1
3	O	10	23	3	0	-1	1825	-1	3	3
4	O	7	17	4	0	-1	-1	227	1	1
2	D	7	35	4	0	606	-1	-1	1	1
3	O	3	18	4	0	-1	2551	-1	3	3
1	D	2	17	4	0	609	-1	-1	3	3
1	D	3	37	1	0	631	-1	-1	3	3
1	D	6	14	1	0	597	-1	-1	3	3
1	D	10	15	1	0	635	-1	-1	3	3
4	O	4	28	4	0	-1	-1	462	1	1
1	D	9	12	4	0	692	-1	-1	3	3
2	D	5	39	4	0	484	-1	-1	1	1
2	D	1	7	4	0	375	-1	-1	1	1
4	O	1	25	1	0	-1	-1	1585	1	1
2	D	8	16	2	0	547	-1	-1	1	1
1	D	5	13	4	0	577	-1	-1	3	3
2	D	5	1	1	0	226	-1	-1	1	1
2	D	8	22	4	0	28	-1	-1	1	1
1	D	10	18	4	0	438	-1	-1	3	3
1	D	7	2	3	0	369	-1	-1	3	3
1	D	2	15	2	0	396	-1	-1	3	3
4	O	9	17	1	2	-1	-1	678	1	1
3	O	4	21	4	0	-1	2661	-1	3	3
2	D	6	11	1	0	58	-1	-1	1	1
1	D	3	28	3	0	430	-1	-1	3	3
2	D	4	14	3	0	777	-1	-1	1	1
3	O	5	28	1	0	-1	2105	-1	3	3
4	O	3	5	2	1	-1	-1	98	1	1
4	O	7	40	4	0	-1	-1	844	1	1
3	O	9	5	3	0	-1	2728	-1	3	3
2	D	5	32	3	0	277	-1	-1	1	1
3	O	7	12	1	2	-1	1619	-1	3	3
2	D	1	29	4	0	1	-1	-1	1	1
4	O	5	21	4	0	-1	-1	2783	1	1
4	O	7	20	4	0	-1	-1	1096	1	1
2	D	1	6	4	0	800	-1	-1	1	1
2	D	9	31	4	0	144	-1	-1	1	1
3	O	10	5	2	0	-1	1917	-1	3	3
4	O	10	16	4	0	-1	-1	2386	1	1
2	D	3	11	1	0	100	-1	-1	1	1
1	D	1	23	4	0	114	-1	-1	3	3
3	O	2	34	1	0	-1	1273	-1	3	3
4	O	5	9	2	0	-1	-1	2425	1	1
3	O	2	9	4	0	-1	995	-1	3	3
1	D	10	9	4	0	74	-1	-1	3	3
3	O	8	30	3	0	-1	335	-1	3	3
4	O	10	19	4	0	-1	-1	28	1	1
2	D	2	32	2	0	293	-1	-1	1	1
1	D	6	4	2	0	666	-1	-1	3	3
2	D	5	38	4	0	114	-1	-1	1	1
1	D	8	14	1	0	499	-1	-1	3	3
4	O	8	35	1	2	-1	-1	1859	1	1
4	O	4	36	2	1	-1	-1	475	1	1
4	O	4	15	1	0	-1	-1	2014	1	1
1	D	9	3	2	0	602	-1	-1	3	3
1	D	1	1	1	0	624	-1	-1	3	3
2	D	10	42	3	0	672	-1	-1	1	1
4	O	9	34	3	0	-1	-1	294	1	1
1	D	2	11	4	0	742	-1	-1	3	3
3	O	8	13	3	0	-1	1220	-1	3	3
4	O	6	15	3	0	-1	-1	191	1	1
1	D	2	33	1	0	81	-1	-1	3	3
4	O	8	6	3	0	-1	-1	3057	1	1
4	O	8	9	4	0	-1	-1	2323	1	1
3	O	5	4	2	1	-1	1911	-1	3	3
1	D	9	38	4	0	388	-1	-1	3	3
3	O	2	41	2	0	-1	1296	-1	3	3
1	D	4	35	1	0	166	-1	-1	3	3
1	D	9	27	2	0	25	-1	-1	3	3
1	D	9	13	4	0	563	-1	-1	3	3
2	D	6	19	3	0	778	-1	-1	1	1
4	O	7	14	1	0	-1	-1	2001	1	1
4	O	8	7	1	0	-1	-1	1638	1	1
4	O	3	10	4	0	-1	-1	3277	1	1
2	D	4	42	3	0	794	-1	-1	1	1
2	D	4	24	1	0	201	-1	-1	1	1
1	D	8	25	4	0	748	-1	-1	3	3
3	O	1	12	4	0	-1	1773	-1	3	3
2	D	9	40	2	0	53	-1	-1	1	1
4	O	10	41	4	0	-1	-1	2482	1	1
2	D	7	32	2	0	374	-1	-1	1	1
1	D	4	20	2	0	283	-1	-1	3	3
1	D	3	23	4	0	68	-1	-1	3	3
3	O	4	8	2	0	-1	3239	-1	3	3
4	O	1	11	4	0	-1	-1	2374	1	1
1	D	1	35	2	0	480	-1	-1	3	3
2	D	4	2	3	0	142	-1	-1	1	1
4	O	9	14	1	0	-1	-1	3236	1	1
